4 1 -1
4 1 -1
4 2 -1
0 2 0
0 3 1
4 4 -1
4 1 -1
0 6 5
4 5 -1
4 1 -1
0 9 8
4 2 -1
0 11 4
4 4 -1
4 2 -1
0 14 4
4 5 -1
3 0 -1
4 1 -1
0 18 17
4 2 -1
0 20 13
0 21 19
4 2 -1
0 23 16
0 24 22
1 25 -1
4 1 -1
4 1 -1
4 2 -1
0 29 27
0 30 28
4 1 -1
4 1 -1
0 33 32
4 2 -1
0 35 31
4 1 -1
4 1 -1
4 1 -1
0 39 38
4 1 -1
4 1 -1
0 42 41
4 2 -1
4 1 -1
0 45 44
4 2 -1
0 47 40
0 48 46
4 2 -1
0 50 43
0 51 49
4 3 -1
4 1 -1
0 54 53
4 1 -1
4 1 -1
0 57 56
4 2 -1
0 59 55
0 60 58
4 2 -1
4 1 -1
0 63 62
4 2 -1
0 65 37
0 66 64
4 2 -1
0 68 61
0 69 67
4 2 -1
4 1 -1
0 72 71
4 2 -1
0 74 52
0 75 73
4 2 -1
0 77 70
4 3 -1
1 25 -1
4 1 -1
0 81 80
4 1 -1
4 1 -1
0 84 83
4 2 -1
0 86 82
0 87 85
4 2 -1
4 1 -1
0 90 89
4 2 -1
0 92 79
0 93 91
4 2 -1
0 95 88
0 96 94