3 0 -1
4 1 -1
0 1 0
4 1 -1
4 1 -1
0 4 3
4 2 -1
0 6 2
0 7 5
4 1 -1
4 1 -1
4 2 -1
0 11 9
0 12 10
4 1 -1
4 1 -1
0 15 14
4 2 -1
0 17 13
4 1 -1
4 1 -1
4 1 -1
0 21 20
4 1 -1
4 1 -1
0 24 23
4 2 -1
4 1 -1
0 27 26
4 2 -1
0 29 22
0 30 28
4 2 -1
0 32 25
0 33 31
4 2 -1
4 1 -1
0 36 35
4 2 -1
0 38 34
0 39 37
4 2 -1
0 41 8
0 42 40
4 2 -1
4 1 -1
0 45 44
4 2 -1
0 47 19
0 48 46
4 2 -1
0 50 43
0 51 49
2 52 -1
4 1 -1
0 54 53
4 1 -1
4 1 -1
0 57 56
4 2 -1
0 59 55
0 60 58
4 1 -1
4 1 -1
0 63 62
4 1 -1
4 1 -1
0 66 65
4 2 -1
4 1 -1
0 69 68
4 2 -1
0 71 64
0 72 70
4 2 -1
0 74 67
0 75 73
4 1 -1
4 1 -1
4 2 -1
0 79 77
0 80 78
4 1 -1
4 1 -1
0 83 82
4 2 -1
0 85 81
4 1 -1
4 2 -1
4 1 -1
0 89 88
4 2 -1
0 91 76
0 92 90
4 2 -1
0 94 61
0 95 93
4 2 -1
4 1 -1
0 98 97
4 2 -1
0 100 87
0 101 99
4 2 -1
0 103 96
0 104 102